do local Library=loadstring(game:HttpGet("https://raw.githubusercontent.com/Loco-CTO/UI-Library/main/VisionLibV2/source.lua"))();local Window=Library:Create({Name="Jeager X Hub",Footer="By Jeager X Hub",ToggleKey=Enum.KeyCode.RightShift,LoadedCallback=function() end,KeySystem=false,Key="keyabc123",MaxAttempts=5,DiscordLink="https://discord.gg/jeagerx",ToggledRelativeYOffset=5});local Tab=Window:Tab({Name="Jeager X Hub (FIRST SEA)",Icon="rbxassetid://11396131982",Color=Color3.new(1,0,0),ActivationCallback=function() end,DeactivationCallback=function() end});local Section=Tab:Section({Name="Farming"});_G.Mobs={"None","Fishman","Yeti"};_G.Method={"None","Rifle"};_G.bosses={"None","Neptune"};local Dropdown=Section:Dropdown({Name="Mobs",Items=_G.Mobs,Callback=function(item) mobs=item;end});local Dropdown=Section:Dropdown({Name="Farm Method",Items=_G.Method,Callback=function(item) Method=item;end});local Button=Section:Button({Name="Tween To Farming Spot (Select Mob (Be At Island))",Callback=function() _G.Mobs=mobs;if (_G.Mobs=="Fishman") then local plr=game:service("Players").LocalPlayer;local tween_s=game:service("TweenService");local info=TweenInfo.new(5,Enum.EasingStyle.Quad);function tp(...) local tic_k=tick();local params={...};local cframe=CFrame.new(params[1],params[2],params[3]);local tween,err=pcall(function() local tween=tween_s:Create(plr.Character['HumanoidRootPart'],info,{CFrame=cframe});tween:Play();end);if  not tween then return err;end end tp(7680.90479, -2167.83203, -17191.0176,0.993273079, -1.5812573e-8,0.11579565,1.32894415e-8,1,2.2561549e-8, -0.11579565, -2.087092e-8,0.993273079);elseif (_G.Mobs=="Yeti") then local plr=game:service("Players").LocalPlayer;local tween_s=game:service("TweenService");local info=TweenInfo.new(5,Enum.EasingStyle.Quad);function tp(...) local tic_k=tick();local params={...};local cframe=CFrame.new(params[1],params[2],params[3]);local tween,err=pcall(function() local tween=tween_s:Create(plr.Character['HumanoidRootPart'],info,{CFrame=cframe});tween:Play();end);if  not tween then return err;end end tp( -6757.85693,96.4812775,2121.83057,0.990711868,7.0194206e-9,0.135977969, -2.3846802e-9,1, -3.4247385e-8, -0.135977969,3.3605026e-8,0.990711868);end end});local Button=Section:Button({Name="Yeti Quest Tp",Callback=function() local plr=game:service("Players").LocalPlayer;local tween_s=game:service("TweenService");local info=TweenInfo.new(5,Enum.EasingStyle.Quad);function tp(...) local tic_k=tick();local params={...};local cframe=CFrame.new(params[1],params[2],params[3]);local tween,err=pcall(function() local tween=tween_s:Create(plr.Character['HumanoidRootPart'],info,{CFrame=cframe});tween:Play();end);if  not tween then return err;end end tp( -6573.30762,169.482315,1995.07544,0.0637992024, -3.4534555e-8, -0.997962773, -1.576935e-8,1, -3.5613176e-8,0.997962773,1.8009317e-8,0.0637992024);end});local Label=Section:Label({Name="HIGHER LVL = LOWER SPEED LOWER LVL = HIGHER SPEED"});local Slider=Section:Slider({Name="Farm Speed (ADVANCED)",Max=100,Min=0,Default=50,Callback=function(Value) time=Value;end});local Toggle=Section:Toggle({Name="Farm (ADVANCED)",Default=false,Callback=function(Bool) _G.Method=method;_G.Mobs=mobs;shared.ok1=Value;shared.mob1=false;shared.mob2=false;shared.mob3=false;shared.mob4=false;shared.mob5=false;while shared.ok1 and (_G.Method=="Rifle") and (_G.Mobs=="Fishman")  do shared.mob1=true;wait(time);shared.mob1=false;wait(0.01);shared.mob2=true;wait(time);shared.mob2=false;wait(0.01);shared.mob3=true;wait(time);shared.mob3=false;wait(0.01);shared.mob4=true;wait(time);shared.mob4=false;wait(0.01);shared.mob5=true;wait(time);shared.mob5=false;wait(0.01);end while shared.mob1 do keypress(82);task.wait(0.01);keyrelease(82);wait();local args={[1]="fire",[2]={Start=CFrame.new(7691.21044921875, -2167.23388671875, -17205.18359375) * CFrame.Angles(1.5494433641433716,0.09522911161184311, -0.3843291699886322) ,Gun="Rifle",joe="true",Position=Vector3.new(7669.32421875, -2175.152099609375, -17334.185546875)}};game:GetService("ReplicatedStorage").Events.CIcklcon:FireServer(unpack(args));mouse1click();end while shared.mob2 do keypress(82);task.wait(0.01);keyrelease(82);wait();local args={[1]="fire",[2]={Start=CFrame.new(7693.51611328125, -2167.294677734375, -17197.66015625) * CFrame.Angles(1.515895962715149,0.08724822849035263, -0.15810200572013855) ,Gun="Rifle",joe="true",Position=Vector3.new(7698.43212890625, -2174.8515625, -17290.564453125)}};game:GetService("ReplicatedStorage").Events.CIcklcon:FireServer(unpack(args));mouse1click();end while shared.mob3 do keypress(82);task.wait(0.01);keyrelease(82);wait();local args={[1]="fire",[2]={Start=CFrame.new(7691.8056640625, -2167.255615234375, -17200.03125) * CFrame.Angles(1.5003679990768433,0.07030221074819565,0.14199042320251465) ,Gun="Rifle",joe="true",Position=Vector3.new(7759.3134765625, -2177.72119140625, -17377.185546875)}};game:GetService("ReplicatedStorage").Events.CIcklcon:FireServer(unpack(args));mouse1click();end while shared.mob4 do keypress(82);task.wait(0.01);keyrelease(82);wait();local args={[1]="fire",[2]={Start=CFrame.new(7691.8486328125, -2167.301025390625, -17200.0390625) * CFrame.Angles(1.4909158945083618,0.06614895164966583,0.15035872161388397) ,Gun="Rifle",joe="true",Position=Vector3.new(7759.60546875, -2177.99755859375, -17377.185546875)}};game:GetService("ReplicatedStorage").Events.CIcklcon:FireServer(unpack(args));mouse1click();end while shared.mob5 do keypress(82);task.wait(0.01);keyrelease(82);wait();local args={[1]="fire",[2]={Start=CFrame.new(7692.51708984375, -2167.18505859375, -17199.69140625) * CFrame.Angles(1.5014429092407227,0.06384832412004471,0.3217167258262634) ,Gun="Rifle",joe="true",Position=Vector3.new(7753.72607421875, -2174.667236328125, -17302.626953125)}};game:GetService("ReplicatedStorage").Events.CIcklcon:FireServer(unpack(args));mouse1click();end end});local Label=Section:Label({Name="FOR AUTO STATS OPEN MENU WHEN FARMING AND SET ON GUN"});local Toggle=Section:Toggle({Name="Farm (FASTER)",Default=false,Callback=function(Bool) _G.Method=method;_G.Mobs=mobs;shared.ok=Value;while shared.ok and (_G.Method=="Rifle") and (_G.Mobs=="Fishman")  do keypress(82);task.wait(0.01);keyrelease(82);wait();local args={[1]="fire",[2]={Start=CFrame.new(7691.21044921875, -2167.23388671875, -17205.18359375) * CFrame.Angles(1.5494433641433716,0.09522911161184311, -0.3843291699886322) ,Gun="Rifle",joe="true",Position=Vector3.new(7669.32421875, -2175.152099609375, -17334.185546875)}};game:GetService("ReplicatedStorage").Events.CIcklcon:FireServer(unpack(args));mouse1click();wait();keypress(82);task.wait(0.01);keyrelease(82);wait();local args={[1]="fire",[2]={Start=CFrame.new(7693.51611328125, -2167.294677734375, -17197.66015625) * CFrame.Angles(1.515895962715149,0.08724822849035263, -0.15810200572013855) ,Gun="Rifle",joe="true",Position=Vector3.new(7698.43212890625, -2174.8515625, -17290.564453125)}};game:GetService("ReplicatedStorage").Events.CIcklcon:FireServer(unpack(args));mouse1click();wait();keypress(82);task.wait(0.01);keyrelease(82);wait();local args={[1]="fire",[2]={Start=CFrame.new(7691.8056640625, -2167.255615234375, -17200.03125) * CFrame.Angles(1.5003679990768433,0.07030221074819565,0.14199042320251465) ,Gun="Rifle",joe="true",Position=Vector3.new(7759.3134765625, -2177.72119140625, -17377.185546875)}};game:GetService("ReplicatedStorage").Events.CIcklcon:FireServer(unpack(args));mouse1click();wait();keypress(82);task.wait(0.01);keyrelease(82);wait();local args={[1]="fire",[2]={Start=CFrame.new(7691.8486328125, -2167.301025390625, -17200.0390625) * CFrame.Angles(1.4909158945083618,0.06614895164966583,0.15035872161388397) ,Gun="Rifle",joe="true",Position=Vector3.new(7759.60546875, -2177.99755859375, -17377.185546875)}};game:GetService("ReplicatedStorage").Events.CIcklcon:FireServer(unpack(args));mouse1click();wait();keypress(82);task.wait(0.01);keyrelease(82);wait();local args={[1]="fire",[2]={Start=CFrame.new(7692.51708984375, -2167.18505859375, -17199.69140625) * CFrame.Angles(1.5014429092407227,0.06384832412004471,0.3217167258262634) ,Gun="Rifle",joe="true",Position=Vector3.new(7753.72607421875, -2174.667236328125, -17302.626953125)}};game:GetService("ReplicatedStorage").Events.CIcklcon:FireServer(unpack(args));mouse1click();end while shared.ok and (_G.Method=="Rifle") and (_G.Mobs=="Yeti")  do keypress(82);task.wait(0.01);keyrelease(82);wait();local args={[1]="fire",[2]={Start=CFrame.new( -6764.38037109375,96.99175262451172,2111.776123046875) * CFrame.Angles(1.5353540182113647,0.09963662922382355, -0.42215749621391296) ,Gun="Rifle",joe="true",Position=Vector3.new( -6778.1025390625,58.82258605957031,2047.9642333984375)}};game:GetService("ReplicatedStorage").Events.CIcklcon:FireServer(unpack(args));mouse1click();wait();keypress(82);task.wait(0.01);keyrelease(82);keypress(82);task.wait(0.01);keyrelease(82);wait();local args={[1]="fire",[2]={Start=CFrame.new( -6761.63525390625,97.06011962890625,2112.033935546875) * CFrame.Angles(1.4962049722671509,0.06522158533334732,0.21060213446617126) ,Gun="Rifle",joe="true",Position=Vector3.new( -6721.8564453125,82.5287857055664,2022.6842041015625)}};game:GetService("ReplicatedStorage").Events.CIcklcon:FireServer(unpack(args));wait();local args={[1]="fire",[2]={Start=CFrame.new( -6759.73828125,97.07164001464844,2113.5595703125) * CFrame.Angles(1.4747185707092285,0.02000698633491993,0.7474680542945862) ,Gun="Rifle",joe="true",Position=Vector3.new( -6709.46044921875,81.49069213867188,2078.71630859375)}};game:GetService("ReplicatedStorage").Events.CIcklcon:FireServer(unpack(args));mouse1click();wait();keypress(82);task.wait(0.01);keyrelease(82);wait();local args={[1]="fire",[2]={Start=CFrame.new( -6756.94580078125,97.02555084228516,2115.483642578125) * CFrame.Angles(1.468470573425293,0.0045181517489254475,0.8266263604164124) ,Gun="Rifle",joe="true",Position=Vector3.new( -6675.4619140625,76.87454223632812,2070.2099609375)}};game:GetService("ReplicatedStorage").Events.CIcklcon:FireServer(unpack(args));mouse1click();wait();keypress(82);task.wait(0.01);keyrelease(82);wait();local args={[1]="fire",[2]={Start=CFrame.new( -6756.27197265625,96.98656463623047,2117.4716796875) * CFrame.Angles(1.4777772426605225, -0.0516321025788784,1.302668571472168) ,Gun="Rifle",joe="true",Position=Vector3.new( -6692.44921875,81.62116241455078,2114.5390625)}};game:GetService("ReplicatedStorage").Events.CIcklcon:FireServer(unpack(args));mouse1click();wait();keypress(82);task.wait(0.01);keyrelease(82);wait();local args={[1]="fire",[2]={Start=CFrame.new( -6753.27001953125,97.1515121459961,2121.791748046875) * CFrame.Angles(1.4776183366775513, -0.0007843636558391154,1.1263755559921265) ,Gun="Rifle",joe="true",Position=Vector3.new( -6753.13671875,70.42050170898438,2121.906005859375)}};game:GetService("ReplicatedStorage").Events.CIcklcon:FireServer(unpack(args));mouse1click();end if shared.ok then keypress(82);task.wait(0.01);keyrelease(82);wait();local args={[1]="fire",[2]={Start=CFrame.new(7691.21044921875, -2167.23388671875, -17205.18359375) * CFrame.Angles(1.5494433641433716,0.09522911161184311, -0.3843291699886322) ,Gun="Rifle",joe="true",Position=Vector3.new(7669.32421875, -2175.152099609375, -17334.185546875)}};game:GetService("ReplicatedStorage").Events.CIcklcon:FireServer(unpack(args));mouse1click();end end});local Dropdown=Section:Dropdown({Name="bosses",Items=_G.bosses,Callback=function(item) boss=item;end});local Toggle=Section:Toggle({Name="Farm Boss",Default=false,Callback=function(Bool) _G.bosses=boss;shared.Boss=Value;while shared.Boss and (_G.bosses=="Neptune")  do keypress(82);task.wait(0.01);keyrelease(82);task.wait(0.01);wait();local args={[1]="fire",[2]={Start=CFrame.new(8106.3935546875, -2015.1436767578125, -17454.40234375) * CFrame.Angles(1.513448715209961,0.09189970791339874, -0.2419896423816681) ,Gun="Rifle",joe="true",Position=Vector3.new(8102.220703125, -1998.9609375, -17663.55078125)}};game:GetService("ReplicatedStorage").Events.CIcklcon:FireServer(unpack(args));end end});local Section=Tab:Section({Name="training"});local Slider=Section:Slider({Name="Haki Train Slider",Max=100,Min=1,Default=15,Callback=function(Value) time=Value;end});local Toggle=Section:Toggle({Name="Auto Train Haki",Default=false,Callback=function(Value) shared.Haki=Value;while shared.Haki do keypress(74);task.wait(0.01);keyrelease(74);task.wait(time);keypress(74);task.wait(0.01);keyrelease(74);end end});local Section=Tab:Section({Name="Islands"});_G.Islands={"None","Town Of Beginning","Sandora","Shells Town","Island Of Zou","Orange Town","Restaurant of Baratii","Sphrinx","Shark Park","Skypian","Mysterous Cliff","Marine Ford 1","Marine Ford G1","Gravitos Fort","Fishman Cave","Reverse Mountain","Shrine","Colosseum","Roca Island","Coco Island","Kori Island"};local Dropdown=Section:Dropdown({Name="Islands",Items=_G.Islands,Callback=function(item) Island=item;end});local Toggle=Section:Toggle({Name="Lock On (Use Shiftlock when on)",Default=false,Callback=function(Value) shared.Lock=Value;_G.Islands=Island;while shared.Lock and (_G.Islands=="Town Of Beginning") and task.wait()  do local pos=Vector3.new(962.21875,7.99998617,1193.53821,0.995893657,1.3190157e-8, -0.0905308872, -7.514528e-9,1,6.3033596e-8,0.0905308872, -6.209446e-8,0.995893657);workspace.CurrentCamera.CFrame=CFrame.new(workspace.CurrentCamera.CFrame.Position,pos);end while shared.Lock and (_G.Islands=="Sandora") and task.wait()  do local pos=Vector3.new( -1293.79175,9.88485718,1154.245,0.971970081,6.975769e-9,0.23510462, -1.5150597e-8,1,3.2964717e-8, -0.23510462, -3.5602696e-8,0.971970081);workspace.CurrentCamera.CFrame=CFrame.new(workspace.CurrentCamera.CFrame.Position,pos);end while shared.Lock and (_G.Islands=="Shells Town") and task.wait()  do local pos=Vector3.new( -640.643921,10.9474478, -4501.77148, -0.0175108612, -8.059951e-8, -0.999846697, -2.3036215e-8,1, -8.020843e-8,0.999846697,2.1628164e-8, -0.0175108612);workspace.CurrentCamera.CFrame=CFrame.new(workspace.CurrentCamera.CFrame.Position,pos);end while shared.Lock and (_G.Islands=="Island Of Zou") and task.wait()  do local pos=Vector3.new( -4392.28271,6.99242306, -2555.4165, -0.25339362,5.929723e-8, -0.967363238,3.946662e-8,1,5.09598e-8,0.967363238, -2.5265669e-8, -0.25339362);workspace.CurrentCamera.CFrame=CFrame.new(workspace.CurrentCamera.CFrame.Position,pos);end while shared.Lock and (_G.Islands=="Orange Town") and task.wait()  do local pos=Vector3.new( -7129.16846,5.30034065, -5213.37207, -0.586081326, -2.6664915e-9, -0.810252249, -4.728198e-9,1,1.2911641e-10,0.810252249,3.9067056e-9, -0.586081326);workspace.CurrentCamera.CFrame=CFrame.new(workspace.CurrentCamera.CFrame.Position,pos);end while shared.Lock and (_G.Islands=="Restaurant of Baratii") and task.wait()  do local pos=Vector3.new( -3904.75195,6.31296539, -5709.98193,0.995963156, -7.0239416e-8,0.0897628963,6.2201e-8,1,9.234897e-8, -0.0897628963, -8.639283e-8,0.995963156);workspace.CurrentCamera.CFrame=CFrame.new(workspace.CurrentCamera.CFrame.Position,pos);end while shared.Lock and (_G.Islands=="Sphrinx") and task.wait()  do local pos=Vector3.new( -6423.05664,37.746006, -9960.24023,0.911418974,1.828031e-8, -0.411479622, -4.7848703e-9,1,3.382741e-8,0.411479622, -2.8862065e-8,0.911418974);workspace.CurrentCamera.CFrame=CFrame.new(workspace.CurrentCamera.CFrame.Position,pos);end while shared.Lock and (_G.Islands=="Shark Park") and task.wait()  do local pos=Vector3.new(589.360596,10.9988594, -13095.376,0.202596754, -1.0933427e-8, -0.979262233, -1.1471073e-9,1, -1.14022844e-8,0.979262233,3.433385e-9,0.202596754);workspace.CurrentCamera.CFrame=CFrame.new(workspace.CurrentCamera.CFrame.Position,pos);end while shared.Lock and (_G.Islands=="Skypian") and task.wait()  do local pos=Vector3.new(9243.04883,1562.41443, -10802.5078, -0.707134247,0,0.707079291,0,1,0, -0.707079291,0, -0.707134247);workspace.CurrentCamera.CFrame=CFrame.new(workspace.CurrentCamera.CFrame.Position,pos);end while shared.Lock and (_G.Islands=="Mysterous Cliff") and task.wait()  do local pos=Vector3.new(2611.46655,7.64981222, -15453.4287,0.760660112,6.5733545e-8,0.649150372, -3.59816e-8,1, -5.9098447e-8, -0.649150372,2.1596362e-8,0.760660112);workspace.CurrentCamera.CFrame=CFrame.new(workspace.CurrentCamera.CFrame.Position,pos);end while shared.Lock and (_G.Islands=="Marine Ford 1") and task.wait()  do local pos=Vector3.new(2181.26025,7.04288769, -8599.77441,0.998001277,9.885164e-9,0.0631941035, -1.5359728e-8,1,8.6145114e-8, -0.0631941035, -8.694358e-8,0.99800127);workspace.CurrentCamera.CFrame=CFrame.new(workspace.CurrentCamera.CFrame.Position,pos);end while shared.Lock and (_G.Islands=="Marine Ford G1") and task.wait()  do local pos=Vector3.new( -9571.72266,12.2828941, -14647.1299, -0.369230419,2.5661938e-8,0.929337859, -1.2740866e-8,1, -3.267515e-8, -0.929337859, -2.3905228e-8, -0.369230419);workspace.CurrentCamera.CFrame=CFrame.new(workspace.CurrentCamera.CFrame.Position,pos);end while shared.Lock and (_G.Islands=="Gravitos Fort") and task.wait()  do local pos=Vector3.new(3007.92334,37.3680649, -15874.8164, -0.995289624,8.1323996e-8,0.0969462544,7.631428e-8,1, -5.5383133e-8, -0.0969462544, -4.7723873e-8, -0.995289624);workspace.CurrentCamera.CFrame=CFrame.new(workspace.CurrentCamera.CFrame.Position,pos);end while shared.Lock and (_G.Islands=="Fishman Cave") and task.wait()  do local pos=Vector3.new(5687.91406,4.07501173, -16457.4102, -0.512155592,1.8808262e-8, -0.858892679,1.4098136e-8,1,1.3491584e-8,0.858892679, -5.1989955e-9, -0.512155592);workspace.CurrentCamera.CFrame=CFrame.new(workspace.CurrentCamera.CFrame.Position,pos);end while shared.Lock and (_G.Islands=="Reverse Mountain") and task.wait()  do local pos=Vector3.new( -14397.0859,38.4767838, -9344.77441,0.934700787,5.7616396e-9,0.35543555, -1.2653266e-8,1,1.7064634e-8, -0.35543555, -2.0447748e-8,0.934700787);workspace.CurrentCamera.CFrame=CFrame.new(workspace.CurrentCamera.CFrame.Position,pos);end while shared.Lock and (_G.Islands=="Shrine") and task.wait()  do local pos=Vector3.new( -12186.2344,3.27369905, -18546.3027, -0.62673223, -3.0442748e-9, -0.779234707, -1.6627771e-9,1, -2.5693911e-9,0.779234707, -3.1462657e-10, -0.62673223);workspace.CurrentCamera.CFrame=CFrame.new(workspace.CurrentCamera.CFrame.Position,pos);end while shared.Lock and (_G.Islands=="Colosseum") and task.wait()  do local pos=Vector3.new( -2015.84155,6.85395908, -7662.79248,0.758892119, -6.114206e-8, -0.651216388,3.253894e-8,1, -5.5969902e-8,0.651216388,2.1285228e-8,0.758892119);workspace.CurrentCamera.CFrame=CFrame.new(workspace.CurrentCamera.CFrame.Position,pos);end while shared.Lock and (_G.Islands=="Roca Island") and task.wait()  do local pos=Vector3.new(5212.71729,4.38298893, -4872.77295, -0.814729631, -3.425195e-8, -0.579841077, -4.536277e-9,1, -5.269739e-8,0.579841077, -4.0303803e-8, -0.814729631);workspace.CurrentCamera.CFrame=CFrame.new(workspace.CurrentCamera.CFrame.Position,pos);end while shared.Lock and (_G.Islands=="Coco Island") and task.wait()  do local pos=Vector3.new( -4246.77344,7.54355335, -15495.7686,0.66160363, -3.2500697e-8,0.74985373, -3.0872204e-8,1,7.058158e-8, -0.74985373, -6.9846664e-8,0.66160363);workspace.CurrentCamera.CFrame=CFrame.new(workspace.CurrentCamera.CFrame.Position,pos);end while shared.Lock and (_G.Islands=="Kori Island") and task.wait()  do local pos=Vector3.new( -6677.63281,9.32729149,1843.51367, -0.992466211, -8.0916436e-8,0.122518569, -8.3941345e-8,1, -1.9527754e-8, -0.122518569, -2.9665008e-8, -0.992466211);workspace.CurrentCamera.CFrame=CFrame.new(workspace.CurrentCamera.CFrame.Position,pos);end end});local Section=Tab:Section({Name="Misc"});local Slider=Section:Slider({Name="Fps",Max=240,Min=15,Default=60,Callback=function(Value) setfpscap(Value);end});local Toggle=Section:Toggle({Name="Disable Anti-Cheat",Default=false,Callback=function(Value) game:GetService("Players").LocalPlayer.PlayerScripts.FROSTHUB_DETECTION.Disabled=Value;end});local Toggle=Section:Toggle({Name="No KnockBack",Default=false,Callback=function(Value) local ragdoll=game:GetService("Players").LocalPlayer.PlayerScripts.Ragdolls;ragdoll.Ragdoll_Client.Disabled=Value;end});local Button=Section:Button({Name="No Fall Damage",Callback=function() game:GetService("Workspace").PlayerCharacters[game.Players.LocalPlayer.Name].FallDamage:Destroy();end});local Toggle=Section:Toggle({Name="No Clip (IF IT DOESNT TURN OFF RESPAWN)",Default=false,Callback=function(Value) _G.Noclip=Value;local Noclip=nil;local Clip=nil;function noclip() Clip=false;local function Nocl() if ((Clip==false) and (game.Players.LocalPlayer.Character~=nil)) then for _,v in pairs(game.Players.LocalPlayer.Character:GetDescendants()) do if (v:IsA("BasePart") and v.CanCollide and (v.Name~=floatName)) then v.CanCollide=false;end end end wait(0.21);end Noclip=game:GetService("RunService").Stepped:Connect(Nocl);end function clip() if Noclip then Noclip:Disconnect();end Clip=true;end if (_G.Noclip==true) then noclip();elseif (_G.Noclip==false) then clip();end end});local Toggle=Section:Toggle({Name="Auto Block",Default=false,Callback=function(Value) local humanoid=game.Players.LocalPlayer.Character.HumanoidRootPart;shared.block=Value;if ((shared.block==true) and task.wait(1)) then local args={[1]=true,[2]="Melee",[3]=true};game:GetService("ReplicatedStorage").Events.Block:InvokeServer(unpack(args));elseif ((shared.block==false) and task.wait(1)) then local args={[1]=false,[2]="Melee"};game:GetService("ReplicatedStorage").Events.Block:InvokeServer(unpack(args));end end});local Toggle=Section:Toggle({Name="Walk On Water (May Kick)",Default=false,Callback=function(Value) for i,v in pairs(game:GetService("Workspace").Ocean.OceanMeshes:GetDescendants()) do if ((v.ClassName=="Part") or (v.ClassName=="MeshPart")) then v.CanCollide=Value;end end end}); end
